input_dim_1_comp_0_deflated
3 1

3
0.0000000000000000000000000000000000000000000000000000000000000000000000000000000000000000000000000000000000000000000000000000000000000000000000000000000000000000000000000000000000000000000000000000000000000000000000000000000000000000000000000000000000000000000000000000000000000000000000000000000000000000000000e0 0.0000000000000000000000000000000000000000000000000000000000000000000000000000000000000000000000000000000000000000000000000000000000000000000000000000000000000000000000000000000000000000000000000000000000000000000000000000000000000000000000000000000000000000000000000000000000000000000000000000000000000000000000e0
-0.1255937856276808793319967822719417126861802051994359013320240574431637257519252997212564139849749951295801654265965398322986084871702570505907073694908308575273643571599184744891745108704070780479709443302973159729413665183197678572551540266304936196931061301102960981364754084450929266166088028813541932643381e0 -0.0000000000000000000000000000000000000000000000000000000000000000000000000000000000000000000000000000000000000000000000000000000000000000000000000000000000000000000000000000000000000000000000000000000000000000000000000000000000000000000000000000000000000000000000000000000000000000000000000000000000000000000000e0
-0.9920817511736158025353128241567274035035546946109128180695563510455300885143359343782788770292701086949308641133088807722360356218715363280482757402700195440700169500917029943943031371405200121442112030367628112495680534418212547690262454639261101500557071650445689861354568163467920081423946064780570643991243e0 -0.0000000000000000000000000000000000000000000000000000000000000000000000000000000000000000000000000000000000000000000000000000000000000000000000000000000000000000000000000000000000000000000000000000000000000000000000000000000000000000000000000000000000000000000000000000000000000000000000000000000000000000000000e0


1

3
0.2607313554905494045311537912362627492308125372977502717006578507124175118888178280541642544596432061416592803594088579852518939571672605506696675721853653778859050226013150442759265086325621944480432934664320525337593758388789342805695145172613835810650411109976685536236837710929388422418560272069541370736376e0 0.5240317753372979086592492668317560154406119866179233948802286519171120835255292747690053262228963313585720227084706309673997532521200078737303495093021057366155014498840056101361916688697142692222109730517928190733278432666930601780134267361779146654440952299326826441296634280015052839425161336772100345792127e0
-0.5525279258828396998846503602104394338093109680246329587572674955362418662191275936148520102767510138643180149146824577744741524657810806877863773579453667943274833062988364942256441092432204882532487525530319062824346193191807236905863878999850805598212723894734248861841062294728883311108139962555090609674213e0 -0.2296883409705290575572031210543073126932871400532433028706550023711628080083377156066276510035187596657464085180043637616526799479033672467923145809036145707913237798727531285899316609014260278687409239972502968120598723492791735444980672254621468159338533707870383275345290624766055945314329659807906536602418e-1
-0.5873392161002911087472066338684396313882358012698466688375699115034668921488497425397422861295073599572924703294506751050842373765865300552038157758081407764047568656021239681060822708195935586402928462295468401364661498144141829411599770836704147599479232261307361776659144782602115161856835815674646812106429e0 0.8141147162056023732450231575279624286368146569522044168295329303836904389401224141489380389433080836587437927621253826377827737893799352379612272823817087853387270113850393997071267634848531940895077978754008568322894181457191220701031054095092089189492415400761930735155992603721467966821398779442530178084807e-1



0.2000000000000043168924986862391014521130835040358677493627093113559567427728325128555297851562500000000000000000000000000000000000000000000000000000000000000000000000000000000000000000000000000000000000000000000000000000000000000000000000000000000000000000000000000000000000000000000000000000000000000000000000e1 0.0000000000000000000000000000000000000000000000000000000000000000000000000000000000000000000000000000000000000000000000000000000000000000000000000000000000000000000000000000000000000000000000000000000000000000000000000000000000000000000000000000000000000000000000000000000000000000000000000000000000000000000000e0
2
0.0000000000000000000000000000000000000000000000000000000000000000000000000000000000000000000000000000000000000000000000000000000000000000000000000000000000000000000000000000000000000000000000000000000000000000000000000000000000000000000000000000000000000000000000000000000000000000000000000000000000000000000000e0 0.0000000000000000000000000000000000000000000000000000000000000000000000000000000000000000000000000000000000000000000000000000000000000000000000000000000000000000000000000000000000000000000000000000000000000000000000000000000000000000000000000000000000000000000000000000000000000000000000000000000000000000000000e0
0.0000000000000000000000000000000000000000000000000000000000000000000000000000000000000000000000000000000000000000000000000000000000000000000000000000000000000000000000000000000000000000000000000000000000000000000000000000000000000000000000000000000000000000000000000000000000000000000000000000000000000000000000e0 0.0000000000000000000000000000000000000000000000000000000000000000000000000000000000000000000000000000000000000000000000000000000000000000000000000000000000000000000000000000000000000000000000000000000000000000000000000000000000000000000000000000000000000000000000000000000000000000000000000000000000000000000000e0


6
-0.992081751173642824044e0 0.000000000000000000000e0
-0.125593785627675660682e0 0.000000000000000000000e0
-0.124599302782033373045e0 0.000000000000000000000e0
0.124599302782033688758e0 0.000000000000000000000e0
0.125593785627680852072e0 0.000000000000000000000e0
0.992081751173613041878e0 0.000000000000000000000e0
