6 1 0

7.3411388454641080e-1 -1.3489914015496418e0
1.3700844458691369e-1 -4.8803144153437739e-1
-3.8438266539412957e-1 4.5661102760335326e-1

8.5407802083264439e-1 -1.5228408402473610e0
-2.4528479012426418e-1 6.2926256506004008e-1
3.5262973717697899e-1 -4.4749517170394593e-1

5.7829495160056910e-1 -1.5397874159257370e0
1.2645502867751230e0 3.0276308190362522e-1
-1.1580091187678021e0 -6.6236248020373201e-1

4.1406943371703231e-1 -1.5635551010638311e0
2.1843529344271921e0 1.8193707448312191e-1
-2.0515472239092833e0 -8.6559711942889828e-1

1.0549211262344200e0 -1.1126307901098458e0
-1.9474546405471349e0 -1.2741479806239360e0
1.2773715115927211e0 1.8991414570932972e0

9.4777274478905560e-1 -1.2966557134067420e0
-1.0920961239596569e0 -4.4607685988103141e-1
7.6867795978879205e-1 8.3889772651453498e-1


1 3
3.789841080201950331393302747986253150183774841351610044002492996064481962336407421009380089306655633480450580034512410176330465282279626944584072563701105223925971807038215741133234679227575808916029282158184235722551690819605883216308511180081703634519112618308855475193429037045058105645530899312970027740782e-2 -1.163440689684823905459357542665328589952738054464900108009742001452608915614482356204594791719893477716241286788428964465794414980986269688160125771014204218694805803991686885976609514006905900585993119621757239643398264586829654028994711468221710878228673568214002310142949952514622838756336907584218503329779e-1
2.341576829619642463531062950491350568556985152728013270483174698291212609016449328798014263072664490072311785744360009345797994704757937078874839131296967610885517628898937591597191849047433642125771642295951798161192496500287128170896457554043969834202198095167115256720242198982182797312846063167134725012393e-1 -1.897857461895262729767191376957682611087808967930164600336654488979799252757556565361025928076705281398596828766777547946669680005118006543303945680965122701829794512551775888624895553864445031333589924336817493280587540178371748476810686235347584302424295330527281607613237313050592470506680024397058562154655e0
-4.493287548660950693492626362712098306052887072331581642850966073344930555383207238802009279462366522245126976815899333609644230669466418524919080225708379750937769233612824249190171367131937887974455882338330920027593473843776541169905864752860977661540739059588721667338805780477800757661599499132152002261245e-1 -1.862731507259591786296503499500129901890323263188949905248478316007321652138479168228993269205038853719423156550638884171691195120625018016488980501833798498626534196746824616879229738419944782911266908818178058394899808322622662808830668271834317746566687003127314458642795306792825592861215612699661124727577e0


1 3
2.607313554905494045311537912362627492308125372977502717006578507124175118888178280541642544596432061416592803594088579852518939571672605506696675721853653778859050226013150442759265086325621944480432934664320525337593758388789342805695145172613835810650411109976685536236837710929388422418560272069541370736376e-1 5.240317753372979086592492668317560154406119866179233948802286519171120835255292747690053262228963313585720227084706309673997532521200078737303495093021057366155014498840056101361916688697142692222109730517928190733278432666930601780134267361779146654440952299326826441296634280015052839425161336772100345792127e-1
-5.525279258828396998846503602104394338093109680246329587572674955362418662191275936148520102767510138643180149146824577744741524657810806877863773579453667943274833062988364942256441092432204882532487525530319062824346193191807236905863878999850805598212723894734248861841062294728883311108139962555090609674213e-1 -2.296883409705290575572031210543073126932871400532433028706550023711628080083377156066276510035187596657464085180043637616526799479033672467923145809036145707913237798727531285899316609014260278687409239972502968120598723492791735444980672254621468159338533707870383275345290624766055945314329659807906536602418e-2
-5.873392161002911087472066338684396313882358012698466688375699115034668921488497425397422861295073599572924703294506751050842373765865300552038157758081407764047568656021239681060822708195935586402928462295468401364661498144141829411599770836704147599479232261307361776659144782602115161856835815674646812106429e-1 8.141147162056023732450231575279624286368146569522044168295329303836904389401224141489380389433080836587437927621253826377827737893799352379612272823817087853387270113850393997071267634848531940895077978754008568322894181457191220701031054095092089189492415400761930735155992603721467966821398779442530178084807e-2


