0
7.341138845464107e-01 -1.348991401549642e+00
1.370084445869138e-01 -4.880314415343776e-01
-3.843826653941298e-01 4.566110276033534e-01

1
8.540780208326437e-01 -1.522840840247361e+00
-2.452847901242641e-01 6.292625650600399e-01
3.526297371769789e-01 -4.474951717039460e-01

2
5.782949516005687e-01 -1.539787415925737e+00
1.264550286775123e+00 3.027630819036251e-01
-1.158009118767802e+00 -6.623624802037322e-01

3
4.140694337170318e-01 -1.563555101063830e+00
2.184352934427190e+00 1.819370744831214e-01
-2.051547223909283e+00 -8.655971194288981e-01

4
1.054921126234420e+00 -1.112630790109845e+00
-1.947454640547134e+00 -1.274147980623936e+00
1.277371511592720e+00 1.899141457093297e+00

5
9.477727447890558e-01 -1.296655713406742e+00
-1.092096123959657e+00 -4.460768598810316e-01
7.686779597887919e-01 8.388977265145349e-01

0
1.178499600173546e+00 -1.538248913968662e+00
4.663738176720961e-01 -4.062443123873747e-01
-3.563002015142019e-01 6.831552244923034e-01

1
1.355831320742346e+00 -1.730323954976237e+00
-1.970472267017742e-01 8.960222312341362e-01
7.045398574791221e-01 -2.959869606580328e-01

2
9.739675010229751e-01 -1.753202311768429e+00
1.892661536914850e+00 4.407760036617541e-01
-1.387429258793961e+00 -5.902736011223751e-01

3
8.745265117823858e-01 -1.961861328580365e+00
2.743852275872646e+00 1.413092772688112e+00
-1.842835609638707e+00 -1.782723372889496e+00

4
1.618578355935723e+00 -1.225907806013291e+00
-2.375046547455802e+00 -1.420613069582686e+00
1.928514246788445e+00 2.596519131402514e+00

5
1.376607010338269e+00 -1.386640283523845e+00
-8.293967261587487e-01 -9.220960939754084e-01
6.673887362685570e-01 1.605056169010648e+00

