0
52
-5.316222341941473e-01 2.909453792487486e-01
0.000000000000000e+00 0.000000000000000e+00
52
-5.316222341941482e-01 2.909453792487612e-01
1.350644602892852e-15
1.000000000000000e+00
8.436232830835891e-17
3.906250000000000e-04
1.263229399088498e-14
0.000000000000000e+00
1
0
0
1.000000000000000e+00
0.000000000000000e+00
1
52
2.582767701825632e-01 -3.402663177367817e-01
0.000000000000000e+00 0.000000000000000e+00
52
2.582767701874643e-01 -3.402663177451392e-01
3.688072698881471e-17
1.000000000000000e+00
2.731603707631318e-17
1.562500000000000e-03
9.686715891662750e-12
0.000000000000000e+00
1
0
0
9.999999999999999e-01
0.000000000000000e+00
2
52
-2.372159542154843e-01 -6.342601728793762e-01
0.000000000000000e+00 0.000000000000000e+00
52
-2.372159542174612e-01 -6.342601728794168e-01
5.551115123125783e-17
1.000000000000000e+00
3.009002665194681e-16
1.562500000000000e-03
1.976778914640871e-12
0.000000000000000e+00
1
0
0
9.443519035546574e-01
0.000000000000000e+00
3
52
-2.410423976642451e-01 -8.562222232120474e-01
0.000000000000000e+00 0.000000000000000e+00
52
-2.410423976708136e-01 -8.562222232111094e-01
2.220446049250313e-16
1.000000000000000e+00
1.089076608530466e-16
1.562500000000000e-03
6.633923265283699e-12
0.000000000000000e+00
1
0
0
1.000000000000000e+00
0.000000000000000e+00
4
52
1.372122396333550e+00 -1.423001819248429e+00
0.000000000000000e+00 0.000000000000000e+00
52
1.372122396340959e+00 -1.423001819254109e+00
1.588821858078255e-14
1.000000000000000e+00
5.341357748462169e-16
1.562500000000000e-03
9.334696629505035e-12
0.000000000000000e+00
1
0
0
1.000000000000000e+00
0.000000000000000e+00
5
52
1.373592252700374e+00 -8.711376463097560e-02
0.000000000000000e+00 0.000000000000000e+00
52
1.373592252700371e+00 -8.711376463097403e-02
3.552713678800501e-15
1.000000000000000e+00
5.317368694584825e-16
3.906250000000000e-04
3.155846784686366e-15
0.000000000000000e+00
1
0
0
1.000000000000000e+00
0.000000000000000e+00
