52
2
-1.242715654478224e+00 3.520638575032237e-01
-3.739641613355888e-01 2.046625173797536e-01
52
-1.242715654478232e+00 3.520638575032284e-01
-3.739641613355895e-01 2.046625173797624e-01
0.000000000000000e+00 0.000000000000000e+00
1.000000000000000e+00
0
1.000000000000000e+00
0.000000000000000e+00
0
52
2
-5.511378932251402e-01 5.474938398619256e-01
1.816821222690128e-01 -2.393568213640855e-01
52
-5.511378932182823e-01 5.474938398613011e-01
1.816821222724605e-01 -2.393568213699645e-01
0.000000000000000e+00 0.000000000000000e+00
1.000000000000000e+00
0
9.999999999999999e-01
0.000000000000000e+00
0
52
2
-5.861856244358822e-01 1.394970166516219e-01
-1.668671091382875e-01 -4.461637575767382e-01
52
-5.861856244366765e-01 1.394970166504624e-01
-1.668671091396781e-01 -4.461637575767668e-01
0.000000000000000e+00 0.000000000000000e+00
1.000000000000000e+00
0
9.443519035546574e-01
0.000000000000000e+00
0
52
2
-4.594803234984831e-01 4.546733539540782e-02
-1.695587812000909e-01 -6.023006658210077e-01
52
-4.594803235017424e-01 4.546733539199943e-02
-1.695587812047114e-01 -6.023006658203479e-01
0.000000000000000e+00 0.000000000000000e+00
1.000000000000000e+00
0
1.000000000000000e+00
0.000000000000000e+00
0
52
2
5.354142571613141e-01 7.433764308713258e-01
9.652053059301926e-01 -1.000995909663017e+00
52
5.354142571676619e-01 7.433764308732583e-01
9.652053059354043e-01 -1.000995909667012e+00
0.000000000000000e+00 0.000000000000000e+00
1.000000000000000e+00
0
1.000000000000000e+00
0.000000000000000e+00
0
52
2
-2.360855265712558e-01 1.296837106178892e+00
9.662392611866659e-01 -6.127927659081216e-02
52
-2.360855265712580e-01 1.296837106178891e+00
9.662392611866637e-01 -6.127927659081105e-02
0.000000000000000e+00 0.000000000000000e+00
1.000000000000000e+00
0
1.000000000000000e+00
0.000000000000000e+00
0
