
----------DIMENSION 1----------

NONSINGULAR SOLUTIONS
---------------
3.217576203054618e-01 -7.353515509734516e-02
-3.807795065589670e-01 -7.772261747407619e-02
Multiplicity: 1

-3.830610382083286e-01 5.376742012875295e-02
3.223353549532756e-01 5.078022149808939e-02
Multiplicity: 1

9.798742143027978e-02 7.844489720780324e-01
1.294560599267359e-01 -8.006773480067162e-01
Multiplicity: 1

2.369907054030398e-01 1.334281296402861e+00
1.926205468744757e-01 -1.363115059536909e+00
Multiplicity: 1

-2.708665907985310e-01 -1.493497902712738e+00
-3.256402751453321e-01 1.456814184727260e+00
Multiplicity: 1

-1.770246322019632e-01 -7.128468974804766e-01
-1.392584168710306e-01 6.946048071737472e-01
Multiplicity: 1


